field,pos_ini,length,data_type
id,0,8,string
nome,8,12,string
codigo,20,4,string
aplicacaoMinima,24,10,"decimal(21,9)"
cnpj,34,18,string
tipo,52,14,string
categoria,66,6,string
status,72,11,string
vencimento,83,10,date
horaLimiteAplicacao,93,5,string
liquidacao,98,4,string